112 144 147 153 135 134 156 -1 22 4 18 314 52 37 211 -1 132 114 66 125 54 4 39 -1 51 2 53 4 85 -1 12 34 5 33 3 4 0 89 -1 13 2 1 5 0 9 6 9 54 4 -1 -2
12 34 5 33 3 4 0 89 -1 31 27 26 28 0 25 4 239 -1 22 4 18 314 52 37 211 -1 12 34 5 33 3 4 0 89 -1 13 2 1 5 0 9 6 9 54 4 -1 12 34 5 33 3 4 0 89 -1 12 34 5 33 3 4 0 89 -1 32 14 16 19 12 23 20 54 113 221 132 220 219 -1 51 2 53 4 85 -1 -2
12 34 5 33 3 4 0 89 -1 12 34 5 33 3 4 0 89 -1 183 3 4 187 105 -1 12 34 5 33 3 4 0 89 -1 56 47 40 43 41 46 45 48 6 -1 51 2 53 4 85 -1 190 191 66 194 195 196 194 -1 31 27 26 28 0 25 4 239 -1 63 75 2 3 74 1 6 4 0 -1 -2
197 180 163 20 301 44 6 343 -1 31 27 26 28 0 25 4 239 -1 12 34 5 33 3 4 0 -1 13 2 1 5 0 9 6 9 54 4 -1 126 51 2 167 1 5 168 3 54 4 120 -1 13 2 1 5 0 9 6 9 54 4 -1 -2
13 2 1 5 0 9 6 9 54 4 -1 57 71 70 69 0 68 162 -1 51 2 53 4 85 -1 2 1 8 11 10 7 3 0 4 9 6 9 -1 133 2 1 8 11 10 7 3 0 4 9 6 -1 178 112 65 131 44 130 181 57 -1 -2
38 60 59 36 36 38 55 -1 176 175 173 172 171 4 175 -1 13 2 1 5 0 9 6 9 54 4 -1 31 27 26 28 0 25 4 239 -1 18 52 37 4 -1 2 1 39 3 0 9 6 9 4 331 -1 44 166 104 105 73 44 179 193 -1 80 81 72 14 62 5 4 -1 -2
186 185 184 22 162 0 4 12 42 326 -1 5 97 3 0 54 4 140 56 3 0 -1 2 1 39 3 0 9 6 9 4 331 -1 63 75 2 3 74 1 6 4 0 -1 2 1 8 11 10 7 3 0 4 9 6 9 -1 32 14 16 19 12 23 20 54 113 221 132 220 219 -1 32 14 16 19 12 23 20 54 113 221 132 220 219 -1 32 14 16 19 12 23 20 54 113 221 132 220 219 -1 22 4 18 314 52 37 -1 -2
2 1 8 11 10 7 3 0 4 9 6 9 -1 136 139 138 137 145 146 149 6 -1 150 151 152 154 86 160 157 -1 148 1 3 0 3 1 67 -1 22 4 18 314 52 37 211 -1 -1 76 88 73 87 4 83 64 -1 84 143 141 42 198 12 4 -1 -2
150 200 282 305 306 307 308 140 -1 2 53 4 85 310 311 2 85 254 -1 16 19 312 314 315 4 -1 316 4 67 317 -1 343 319 111 320 313 303 4 -1 80 81 72 14 62 5 4 -1 13 2 1 5 0 9 6 9 54 4 -1 104 301 99 101 99 101 -1 -2
2 1 8 11 10 7 3 0 4 9 6 9 -1 38 60 59 36 36 38 55 -1 132 114 66 125 54 4 39 -1 2 1 8 11 10 7 3 0 4 9 6 9 -1 38 60 59 36 36 38 55 -1 -2
32 14 16 19 12 23 20 54 113 221 132 220 219 -1 126 287 40 288 4 102 64 -1 290 291 95 292 -1 76 61 94 92 34 90 37 271 283 4 -1 13 2 1 5 0 9 6 9 54 4 -1 294 295 4 296 297 1 67 -1 13 2 1 5 0 9 6 9 54 4 -1 298 299 300 321 283 4 -1 110 6 98 96 109 108 107 126 -1 -2
110 6 98 96 109 108 107 126 -1 57 71 70 69 0 68 162 -1 4 106 324 95 346 347 -1 13 2 1 5 0 9 6 9 54 4 -1 103 349 -1 31 27 26 28 0 25 4 239 -1 -2
13 2 1 5 0 9 6 9 54 4 -1 61 61 61 -1 133 2 1 8 11 10 7 3 0 4 9 6 -1 352 84 345 353 355 134 356 357 52 37 42 -1 22 4 18 314 52 37 -1 -2
91 359 91 4 -1 133 1 39 0 361 354 4 140 64 162 -1 2 1 8 11 10 7 3 0 4 9 6 9 -1 54 4 86 343 93 342 325 -1 42 326 327 12 65 328 44 329 -1 -2
4 331 55 332 333 38 354 9 6 -1 18 52 37 4 -1 56 47 40 43 41 46 45 48 6 -1 32 14 16 19 12 23 20 54 113 221 132 220 219 -1 38 60 59 36 36 38 -1 2 1 8 11 10 7 3 0 4 9 6 9 -1 337 44 -1 -2
22 4 18 314 52 37 -1 2 1 8 11 10 7 3 0 4 9 6 9 -1 32 14 16 19 12 23 20 54 113 221 132 220 219 -1 13 2 1 5 0 9 6 9 54 4 -1 18 52 37 4 -1 340 341 129 323 16 19 12 23 20 54 -1 281 -1 -2
280 223 224 127 4 0 225 226 -1 22 4 18 314 52 37 -1 18 52 37 4 -1 2 1 8 11 10 7 3 0 4 9 6 9 -1 2 1 8 11 10 7 3 0 4 9 6 9 -1 13 2 1 5 0 9 6 9 54 4 -1 -2
2 1 8 11 10 7 3 0 4 9 6 9 -1 2 1 8 11 10 7 3 0 4 9 6 9 -1 13 2 1 5 0 9 6 9 54 4 -1 2 1 8 11 10 7 3 0 4 9 6 9 -1 2 1 8 11 10 7 3 0 4 9 6 9 -1 31 27 26 28 0 25 4 239 -1 -2
31 27 26 28 0 25 4 239 -1 32 14 16 19 12 23 20 54 113 221 132 220 219 -1 76 61 94 92 34 90 37 271 283 4 -1 2 1 39 3 0 9 6 9 4 331 -1 13 2 1 5 0 9 6 9 54 4 -1 -2
1 3 0 3 1 67 -1 2 1 39 3 0 9 6 9 4 331 -1 227 124 228 4 229 102 16 19 12 124 54 -1 63 75 2 3 74 1 6 4 0 -1 -2
13 2 1 5 0 9 6 9 54 4 -1 2 1 8 11 10 7 3 0 4 9 6 9 -1 32 14 16 19 12 23 20 54 113 221 132 220 219 -1 13 2 1 5 0 9 6 9 54 4 -1 54 4 230 232 233 34 -1 13 2 1 5 0 9 6 9 54 4 -1 -2
22 4 18 314 52 37 -1 234 235 236 238 -1 16 19 221 220 219 202 20 113 -1 203 204 205 206 -1 42 207 208 -1 209 210 211 12 78 212 135 -1 2 1 8 11 10 7 3 0 4 9 6 9 -1 2 1 39 3 0 9 6 9 4 331 -1 22 4 18 314 52 37 211 -1 -2
2 1 8 11 10 7 3 0 4 9 6 9 -1 2 1 8 11 10 7 3 0 4 9 6 9 -1 214 215 4 111 216 0 217 -1 22 4 18 314 52 37 -1 33 113 117 115 128 118 37 113 221 4 -1 31 27 26 28 0 25 4 239 -1 31 27 26 28 0 25 4 239 -1 80 81 72 14 62 5 4 -1 13 2 1 8 132 7 120 3 4 0 -1 -2
13 2 1 5 0 9 6 9 54 4 -1 218 106 239 201 240 242 38 -1 22 4 18 314 52 37 -1 264 265 266 267 268 269 4 40 -1 32 14 16 19 12 23 20 54 113 221 132 220 219 -1 -2
2 1 8 11 10 7 3 0 4 9 6 9 -1 2 1 8 11 10 7 3 0 4 9 6 9 -1 57 71 70 69 0 68 162 -1 4 271 273 22 97 0 132 -1 13 2 1 5 0 9 6 9 54 4 -1 274 275 127 276 65 42 277 76 349 -1 2 1 8 11 10 7 3 0 4 9 6 9 -1 -2
13 2 1 5 0 9 6 9 54 4 -1 32 14 16 19 12 23 20 54 113 221 132 220 219 -1 31 27 26 28 0 25 4 239 -1 31 27 26 28 0 25 4 239 -1 22 4 18 314 52 37 -1 22 4 18 314 52 37 -1 56 47 40 43 41 46 45 48 6 -1 31 27 26 28 0 25 4 239 -1 -2
31 27 26 28 0 25 4 239 -1 279 124 272 67 262 261 260 4 -1 56 47 40 43 41 46 45 48 6 -1 243 244 85 245 120 246 247 54 4 -1 2 1 8 11 10 7 3 0 4 9 6 9 -1 32 14 16 19 12 23 20 54 113 221 132 220 219 -1 -2
2 1 8 11 10 7 3 0 4 9 6 9 -1 31 27 26 28 0 25 4 239 -1 32 14 16 19 12 23 20 54 113 221 132 220 219 -1 32 14 16 19 12 23 20 54 113 221 132 220 219 -1 -2
33 113 117 115 128 118 37 113 221 4 -1 76 88 73 87 4 83 64 -1 2 1 8 11 10 7 3 0 4 9 6 9 -1 3 0 249 250 251 2 5 3 0 4 -1 -2
133 2 1 8 11 10 7 3 0 4 9 6 -1 252 253 42 105 103 254 255 256 6 331 -1 13 2 1 5 0 9 6 9 54 4 -1 13 2 1 5 0 9 6 9 54 4 -1 56 47 40 43 41 46 45 48 6 -1 -2
131 257 258 259 78 93 52 37 130 73 -1 78 4 -1 2 1 8 11 10 7 3 0 4 9 6 9 -1 -2
