34 0 105 241 237 236 9 194 -1 82 62 4 8 235 194 -1 196 -1 72 197 198 234 199 233 -1 17 111 232 200 231 230 67 229 -1 228 242 -1 -2
10 0 198 253 0 259 257 -1 72 110 4 256 6 1 255 254 252 341 -1 245 114 3 116 251 89 260 248 247 2 -1 37 56 0 246 31 226 157 -1 4 189 191 82 186 184 183 180 196 303 -1 0 120 176 219 83 174 566 -1 223 215 218 114 217 -1 -2
202 210 171 185 318 71 -1 192 312 18 310 71 0 -1 65 29 28 16 26 25 2 23 25 65 29 1 50 -1 308 305 52 319 15 320 321 435 156 17 -1 76 0 77 31 128 121 112 5 279 -1 35 3 19 0 78 322 337 336 335 57 -1 -2
65 29 28 16 26 25 2 23 25 65 29 1 50 -1 51 1 0 50 99 51 103 -1 333 110 332 331 10 0 2 72 418 2 -1 68 64 24 52 81 80 81 -1 8 1 84 3 188 330 -1 329 328 327 0 -1 -2
31 300 182 89 274 89 177 31 48 2 48 182 89 274 -1 177 5 0 175 94 269 268 48 2 48 182 89 194 -1 267 190 265 172 30 264 3 556 -1 71 295 0 289 15 48 2 48 32 -1 -2
14 106 67 8 1 57 195 107 288 -1 4 286 18 338 224 63 314 -1 125 93 15 287 14 0 -1 102 108 140 290 291 292 293 0 -1 -2
68 64 24 52 81 80 81 -1 76 0 77 31 128 121 112 5 279 -1 294 32 457 -1 0 297 137 282 281 280 3 0 -1 -2
136 41 3 6 9 41 -1 6 9 97 130 63 147 27 160 42 263 -1 271 273 275 -1 1 276 27 111 106 84 277 4 278 -1 279 299 272 311 323 39 325 -1 4 2 17 7 2 86 192 120 2 -1 -2
40 11 13 10 0 22 21 33 34 0 -1 303 304 137 127 -1 16 165 32 -1 13 307 108 140 164 309 302 13 102 108 140 -1 315 316 317 0 301 1 262 158 -1 206 18 1 2 17 34 116 12 -1 9 4 27 15 211 6 9 160 97 6 -1 -2
222 11 10 212 -1 55 46 36 45 44 43 162 -1 94 3 2 0 214 213 204 -1 208 205 117 209 -1 168 42 87 85 54 60 92 58 12 9 194 -1 249 84 250 138 146 6 1 5 0 -1 14 258 244 3 0 -1 83 34 49 66 19 154 14 -1 88 41 79 74 53 35 70 91 -1 -2
88 41 79 74 53 35 70 91 -1 51 1 0 50 99 51 103 -1 83 34 49 66 19 154 14 -1 30 238 66 5 239 240 39 16 50 -1 30 170 3 5 0 139 185 84 -1 34 0 533 34 0 532 9 82 -1 -2
24 32 2 49 0 95 47 61 -1 40 11 13 10 0 22 21 33 34 0 -1 531 530 47 61 529 110 528 5 0 -1 1 75 6 519 5 39 113 188 170 -1 -2
151 524 523 522 2 5 0 521 102 -1 65 29 28 16 26 25 2 23 25 65 29 1 50 -1 66 132 520 115 59 8 -1 176 165 5 0 14 102 108 140 159 -1 76 0 77 31 128 121 112 5 279 -1 55 46 36 45 44 43 162 -1 77 145 144 143 142 125 141 109 -1 -2
0 7 103 133 537 538 83 198 -1 130 539 38 541 -1 39 0 7 0 7 19 3 0 -1 197 2 131 176 -1 544 545 546 547 548 549 2 -1 1 550 118 3 527 518 517 -1 484 59 8 1 27 160 497 119 152 68 -1 -2
495 37 6 1 115 175 494 115 146 -1 493 31 59 163 12 67 492 490 -1 -1 37 48 2 48 0 0 2 -1 -2
55 46 36 45 44 43 162 -1 55 46 36 45 44 43 162 -1 39 488 7 41 9 30 487 486 486 -1 8 1 94 485 150 484 27 150 147 -1 -2
157 32 -1 55 46 36 45 44 43 162 -1 107 498 -1 491 36 132 156 499 509 78 -1 -2
33 3 6 8 1 18 1 48 2 48 2 3 139 -1 37 155 63 147 -1 109 122 0 11 123 86 124 18 30 -1 40 11 13 10 0 22 21 33 34 0 -1 -2
153 513 5 512 18 511 510 2 -1 174 57 78 508 113 5 501 219 83 10 -1 40 11 13 10 0 22 21 33 34 0 -1 506 505 -1 118 73 134 105 -1 -2
65 29 28 16 26 25 2 23 25 65 29 1 50 -1 135 136 15 96 503 502 15 96 17 -1 168 42 87 85 54 60 92 58 12 9 194 -1 118 73 134 105 -1 6 1 147 63 17 97 4 1 152 -1 -2
552 14 104 39 553 159 588 603 244 15 -1 50 602 -1 113 169 6 601 59 34 -1 65 29 28 16 26 25 2 23 25 65 29 1 50 -1 -2
599 598 3 3 596 166 166 0 118 -1 4 6 27 111 -1 595 594 172 -1 168 42 87 85 54 60 92 58 12 9 194 -1 -2
34 0 157 592 98 591 -1 104 18 196 167 604 0 50 211 85 217 -1 9 -1 606 607 200 608 -1 13 609 610 13 17 611 -1 38 7 612 7 613 -1 -2
40 11 13 10 0 22 21 33 34 0 -1 -1 14 4 17 -1 4 6 1 0 100 101 615 -1 -2
138 30 146 0 617 618 129 57 76 618 -1 4 189 191 82 186 184 183 180 196 303 -1 68 64 24 52 81 80 81 -1 102 619 2 56 -1 151 159 139 114 0 89 -1 24 32 2 49 0 95 47 61 -1 190 597 62 53 587 71 199 75 -1 586 568 567 566 565 564 563 474 -1 3 4 561 119 554 3 560 559 217 -1 -2
557 0 556 152 58 12 54 -1 569 570 571 572 573 1 574 99 51 1 51 1 -1 48 48 0 7 133 5 83 367 -1 24 32 2 49 0 95 47 61 -1 88 41 79 74 53 35 70 91 -1 -2
575 8 1 27 15 211 -1 577 578 579 580 581 582 583 5 -1 584 585 0 59 500 4 482 47 61 49 -1 135 0 38 15 18 -1 -2
480 391 390 389 388 387 -1 384 0 377 383 382 192 -1 65 29 28 16 26 25 2 23 25 65 29 1 50 -1 109 122 0 11 123 86 124 18 30 -1 8 9 62 97 601 -1 65 29 28 16 26 25 2 23 25 65 29 1 -1 379 78 38 187 378 19 57 9 -1 393 394 395 163 8 9 132 -1 397 398 399 400 119 401 402 38 12 30 -1 -2
39 0 7 0 7 19 3 0 -1 40 11 13 10 0 22 21 33 34 0 -1 109 122 0 11 123 86 124 18 30 -1 403 404 127 0 93 405 -1 8 1 39 -1 407 408 385 164 376 375 5 9 142 -1 -2
138 355 354 0 2 353 352 351 350 -1 19 4 0 104 158 -1 4 9 62 6 116 59 -1 7 17 7 2 179 7 179 341 -1 347 346 345 173 7 56 -1 463 201 193 12 73 37 6 1 76 -1 342 356 349 357 367 373 372 -1 -2
127 371 9 15 -1 7 370 369 368 366 30 3 5 -1 365 4 364 363 362 361 360 83 -1 4 6 1 0 -1 358 410 109 429 35 462 72 109 358 -1 14 106 67 8 1 57 195 107 288 -1 106 187 98 96 460 76 459 458 303 -1 -2
56 13 10 120 5 117 -1 1 75 -1 83 4 0 457 -1 32 3 84 455 100 448 423 -1 550 101 173 7 453 452 101 18 -1 -2
93 38 0 9 450 449 171 0 -1 463 201 193 12 73 37 6 1 76 -1 77 145 144 143 142 125 141 109 -1 464 0 3 129 465 98 466 4 397 -1 5 30 468 469 470 82 3 8 1 30 -1 472 153 473 474 475 1 476 477 -1 181 478 181 69 479 69 131 131 196 -1 6 8 1 50 447 446 445 182 89 158 -1 426 69 425 100 424 169 423 3 8 494 115 -1 -2
422 10 56 421 419 412 170 -1 69 418 0 417 101 416 415 5 83 485 -1 68 64 24 52 81 80 81 -1 4 8 0 9 414 413 104 6 18 -1 -2
40 11 13 10 0 22 21 33 34 0 -1 168 42 87 85 54 60 92 58 12 9 194 -1 427 420 0 428 438 50 0 3 -1 4 75 6 1 443 442 441 155 8 -1 18 12 3 117 439 -1 437 430 436 156 435 434 -1 432 431 167 534 -1 88 41 79 74 53 35 70 91 -1 -2
-2
