643 62 280 281 176 4 282 85 68 639 -1 15 174 94 18 9 65 18 65 -1 172 23 171 171 284 61 285 -1 286 168 63 288 -1 22 14 4 17 279 28 19 -1 82 103 1 104 102 101 216 -1 354 39 69 68 0 24 100 71 54 0 -1 13 3 2 1 8 7 5 540 -1 -2
22 14 0 16 291 28 127 40 360 19 -1 -1 169 80 76 109 48 58 4 24 436 169 -1 294 27 164 110 295 296 163 -1 96 160 108 159 158 157 156 -1 -2
12 38 35 12 25 41 519 25 -1 13 3 2 1 8 7 5 540 -1 298 299 97 290 4 0 278 20 21 -1 276 255 256 31 257 78 -1 95 11 259 54 0 260 21 572 300 81 -1 -2
32 49 52 198 197 32 49 52 196 32 49 52 -1 74 262 194 263 264 193 36 -1 191 265 47 189 266 267 269 -1 181 192 91 200 270 -1 44 271 178 272 273 11 14 274 -1 -2
181 192 91 200 270 -1 21 47 300 301 43 90 302 234 57 -1 326 88 328 329 85 25 46 300 -1 331 4 0 332 333 10 0 1 -1 -2
12 38 35 12 25 41 519 25 -1 144 336 61 252 17 -1 30 30 339 134 59 4 -1 340 341 24 132 342 11 0 343 -1 -2
142 -1 13 3 2 1 8 7 5 540 -1 95 345 346 -1 338 0 325 314 26 324 130 -1 149 84 66 305 123 0 306 -1 307 3 146 60 308 309 -1 136 130 311 139 129 312 18 303 -1 89 122 59 4 17 27 42 313 -1 -2
316 317 1 318 16 319 16 155 94 50 -1 13 3 2 1 8 7 5 540 -1 13 3 2 1 8 7 5 540 -1 132 66 10 17 53 50 36 0 115 -1 322 323 66 77 4 0 169 254 -1 -2
21 22 14 9 93 544 -1 50 9 53 233 251 18 60 95 165 -1 203 205 206 207 0 55 155 569 4 0 -1 204 213 211 195 210 96 208 -1 22 33 14 83 0 212 -1 13 3 2 1 8 7 5 540 -1 85 215 234 14 17 22 236 234 215 -1 237 10 238 119 239 137 240 16 -1 -2
-2
