643 62 280 281 176 4 282 85 68 639 -1 15 174 94 18 9 65 18 65 -1 172 23 171 171 284 61 285 -1 286 168 63 288 -1 22 14 4 17 279 28 19 -1 82 103 1 104 102 101 216 -1 -2
354 39 69 68 0 24 100 71 54 0 -1 13 3 2 1 8 7 5 540 -1 22 14 0 16 291 28 127 40 360 19 -1 -1 169 80 76 109 48 58 4 24 436 169 -1 294 27 164 110 295 296 163 -1 -2
96 160 108 159 158 157 156 -1 12 38 35 12 25 41 519 25 -1 13 3 2 1 8 7 5 540 -1 298 299 97 290 4 0 278 20 21 -1 -2
276 255 256 31 257 78 -1 95 11 259 54 0 260 21 572 300 81 -1 32 49 52 198 197 32 49 52 196 32 49 52 -1 74 262 194 263 264 193 36 -1 191 265 47 189 266 267 269 -1 -2
181 192 91 200 270 -1 44 271 178 272 273 11 14 274 -1 181 192 91 200 270 -1 21 47 300 301 43 90 302 234 57 -1 326 88 328 329 85 25 46 300 -1 -2
331 4 0 332 333 10 0 1 -1 12 38 35 12 25 41 519 25 -1 144 336 61 252 17 -1 30 30 339 134 59 4 -1 340 341 24 132 342 11 0 343 -1 142 -1 13 3 2 1 8 7 5 540 -1 -2
95 345 346 -1 338 0 325 314 26 324 130 -1 149 84 66 305 123 0 306 -1 307 3 146 60 308 309 -1 -2
136 130 311 139 129 312 18 303 -1 89 122 59 4 17 27 42 313 -1 316 317 1 318 16 319 16 155 94 50 -1 13 3 2 1 8 7 5 540 -1 13 3 2 1 8 7 5 540 -1 132 66 10 17 53 50 36 0 115 -1 322 323 66 77 4 0 169 254 -1 21 22 14 9 93 544 -1 50 9 53 233 251 18 60 95 165 -1 -2
203 205 206 207 0 55 155 569 4 0 -1 204 213 211 195 210 96 208 -1 22 33 14 83 0 212 -1 13 3 2 1 8 7 5 540 -1 85 215 234 14 17 22 236 234 215 -1 237 10 238 119 239 137 240 16 -1 13 3 2 1 8 7 5 540 -1 241 242 243 140 90 148 244 21 195 -1 21 22 14 9 93 544 -1 -2
13 3 2 1 8 7 5 540 -1 10 17 246 247 -1 15 248 11 0 249 149 250 -1 21 151 201 78 92 202 11 0 426 -1 31 19 29 15 16 34 0 9 70 28 -1 12 38 35 12 25 41 519 25 -1 82 103 1 104 102 101 216 -1 232 217 218 -1 12 38 35 12 25 41 519 25 -1 -2
220 37 152 154 19 221 222 -1 11 223 61 88 162 -1 4 0 224 40 225 17 -1 13 3 2 1 8 7 5 540 -1 167 20 227 20 228 -1 354 39 69 68 0 24 100 71 54 0 -1 175 3 177 231 348 -1 327 18 350 20 68 -1 168 551 14 550 12 129 0 -1 -2
549 548 67 110 75 546 67 545 4 0 55 -1 21 22 14 9 93 544 -1 543 542 64 2 44 166 64 541 540 -1 21 10 1 -1 115 19 538 60 14 9 4 0 155 43 40 145 11 -1 -2
17 48 537 552 553 36 -1 56 179 75 43 0 55 205 -1 563 349 32 568 57 567 566 565 280 -1 13 3 2 1 8 7 5 540 -1 23 564 562 555 561 146 180 537 466 -1 182 0 559 557 19 -1 534 106 124 499 533 499 -1 -2
513 0 114 512 126 511 0 -1 12 38 35 12 25 41 519 25 -1 145 123 46 27 42 0 81 323 142 -1 509 508 507 506 -1 505 504 138 9 59 0 -1 21 151 201 78 92 202 11 0 426 -1 74 502 501 0 27 42 125 512 311 -1 11 163 515 516 10 72 166 27 42 81 -1 -2
13 3 2 1 8 7 5 540 -1 106 121 18 23 0 150 73 135 -1 144 114 36 36 0 118 526 532 -1 531 530 23 529 528 527 16 525 -1 524 523 522 521 520 519 570 -1 571 56 75 179 43 572 0 323 66 155 -1 573 12 624 623 622 621 620 619 620 620 -1 13 3 2 1 8 7 5 540 -1 11 10 617 610 616 11 615 614 613 -1 -2
187 21 612 18 0 11 11 -1 13 3 2 1 8 7 5 540 -1 625 -1 63 618 26 626 636 642 27 42 -1 26 28 111 4 30 53 15 111 -1 -2
169 80 76 109 48 58 4 24 436 169 -1 639 638 637 635 131 628 131 -1 60 116 633 632 116 631 630 629 -1 14 9 64 627 609 50 1 -1 607 87 588 4 9 0 587 163 64 -1 -2
13 3 2 1 8 7 5 540 -1 47 586 79 16 585 70 584 16 585 -1 54 0 581 580 111 579 4 36 86 -1 65 65 0 20 578 4 85 75 -1 26 37 12 117 40 113 37 63 112 112 -1 -1 106 121 18 23 0 150 73 135 -1 115 30 128 33 14 17 2 16 279 -1 31 19 29 15 16 34 0 9 70 28 -1 -2
13 3 2 1 8 7 5 540 -1 10 0 16 576 16 575 193 574 531 453 -1 147 127 77 4 0 147 0 55 43 318 -1 591 133 600 606 605 136 604 603 -1 13 3 2 1 8 7 5 540 -1 134 1 -1 194 601 599 92 72 592 -1 22 0 9 2 597 596 28 16 -1 140 120 595 11 594 593 11 -1 -2
96 160 108 159 158 157 156 -1 86 498 497 496 46 91 5 0 323 66 161 306 -1 0 403 402 401 154 400 -1 398 397 0 180 74 10 396 73 135 23 -1 3 0 167 57 125 -1 -2
46 15 393 392 391 138 9 59 4 0 -1 32 49 52 198 197 32 49 52 196 32 49 52 -1 13 3 2 1 8 7 5 540 -1 389 177 182 88 72 -1 169 80 76 109 48 58 4 24 436 169 -1 405 23 406 176 57 68 0 -1 15 174 94 18 9 65 18 65 -1 26 190 0 39 188 97 185 333 125 165 -1 -2
11 118 148 60 -1 421 86 420 419 418 186 417 -1 0 81 142 414 172 407 413 -1 31 19 29 15 16 34 0 9 70 28 -1 412 12 12 -1 31 19 29 15 16 34 0 9 70 28 -1 410 409 0 44 33 145 408 4 -1 -2
10 0 23 67 61 388 90 386 -1 87 89 122 351 89 84 71 385 -1 366 365 168 364 -1 85 199 1 20 362 361 95 360 -1 358 19 79 40 66 33 152 14 17 623 16 -1 15 81 357 356 355 187 127 300 52 4 -1 -2
354 39 69 68 0 24 100 71 54 0 -1 26 190 0 39 188 97 185 333 125 165 -1 353 62 130 352 84 0 69 -1 367 368 33 0 44 369 -1 67 25 79 153 18 94 378 178 -1 75 107 4 0 70 28 623 152 146 127 40 -1 30 383 382 381 -1 187 379 377 0 18 370 376 375 374 -1 -2
40 10 0 47 -1 55 0 372 371 110 234 -1 387 20 1 20 18 161 20 161 423 -1 10 50 17 53 15 162 -1 13 3 2 1 8 7 5 540 -1 -2
125 4 0 87 1 57 477 -1 476 475 137 474 20 59 -1 75 107 4 0 70 28 623 152 146 127 40 -1 13 3 2 1 8 7 5 540 -1 471 10 4 470 54 199 165 469 468 131 18 62 -1 10 9 -1 467 466 -1 26 37 12 117 40 113 37 63 112 112 -1 21 189 464 463 478 124 26 479 25 -1 -2
115 30 128 33 14 17 2 16 279 -1 164 191 186 54 0 126 58 -1 82 103 1 104 102 101 216 -1 31 19 29 15 16 34 0 9 70 28 -1 10 489 495 43 64 494 4 83 50 483 50 207 -1 31 19 29 15 16 34 0 9 70 28 -1 77 0 15 492 491 490 488 0 -1 486 485 62 26 -1 4 83 483 482 462 1 460 153 425 -1 -2
459 440 439 438 9 133 59 195 0 -1 20 436 31 86 175 165 11 4 -1 13 3 2 1 8 7 5 540 -1 13 3 2 1 8 7 5 540 -1 13 3 2 1 8 7 5 540 -1 -2
434 4 0 55 119 32 433 432 295 483 318 16 72 -1 431 56 430 0 55 15 56 -1 429 428 427 26 426 136 441 170 26 428 -1 21 442 22 14 9 62 443 120 386 -1 75 107 4 0 70 28 623 152 146 127 40 -1 458 457 456 139 455 454 108 453 -1 -2
444 170 450 449 -1 447 446 445 59 4 569 -1 -2
